200 5023
1 2 102
1 10 253
1 11 174
1 17 33
1 21 236
1 22 316
1 24 321
1 30 127
1 34 157
1 36 189
1 41 55
1 52 140
1 54 209
1 58 196
1 61 161
1 62 102
1 65 244
1 66 397
1 69 391
1 75 290
1 77 307
1 82 69
1 85 284
1 86 304
1 88 309
1 89 62
1 93 246
1 94 350
1 98 306
1 102 349
1 111 193
1 112 233
1 121 366
1 125 323
1 128 130
1 130 275
1 137 5
1 139 327
1 141 83
1 146 111
1 151 219
1 155 18
1 157 14
1 160 89
1 162 287
1 163 345
1 164 56
1 168 348
1 180 34
1 183 154
1 190 211
1 191 82
1 195 106
1 199 377
2 6 295
2 9 44
2 17 116
2 19 27
2 20 273
2 33 353
2 40 71
2 41 283
2 47 192
2 49 397
2 51 234
2 56 363
2 60 125
2 63 138
2 64 257
2 66 288
2 69 351
2 74 240
2 76 69
2 81 125
2 85 85
2 88 117
2 94 15
2 99 35
2 101 391
2 102 323
2 105 150
2 108 249
2 112 299
2 121 64
2 123 217
2 124 374
2 128 374
2 137 109
2 139 395
2 142 209
2 148 37
2 150 253
2 154 260
2 155 54
2 159 256
2 163 363
2 165 304
2 166 238
2 168 368
2 173 115
2 175 3
2 180 228
2 182 180
2 185 339
2 187 261
2 191 254
2 192 5
2 193 22
2 196 340
3 11 399
3 16 338
3 20 58
3 24 312
3 26 118
3 36 18
3 38 41
3 39 75
3 41 361
3 44 398
3 45 262
3 47 263
3 50 5
3 51 242
3 53 292
3 56 222
3 59 284
3 65 344
3 67 251
3 69 396
3 70 244
3 75 165
3 78 302
3 81 10
3 85 254
3 86 103
3 89 166
3 95 75
3 99 209
3 100 103
3 106 284
3 107 105
3 108 353
3 115 258
3 121 311
3 130 258
3 131 66
3 132 5
3 133 202
3 134 287
3 137 199
3 138 40
3 139 146
3 142 128
3 143 284
3 144 126
3 145 128
3 148 95
3 164 223
3 167 289
3 169 257
3 171 115
3 172 201
3 177 397
3 178 155
3 180 380
3 193 31
3 200 66
4 5 127
4 7 337
4 12 45
4 18 258
4 23 322
4 26 52
4 32 35
4 33 378
4 41 325
4 47 108
4 48 245
4 53 359
4 55 55
4 59 161
4 60 27
4 64 55
4 65 362
4 67 235
4 69 397
4 71 369
4 77 116
4 78 2
4 82 72
4 84 214
4 85 322
4 90 356
4 91 231
4 96 256
4 103 85
4 104 229
4 114 282
4 116 66
4 120 124
4 124 270
4 126 358
4 127 221
4 129 113
4 131 59
4 134 135
4 145 95
4 151 394
4 152 196
4 156 53
4 160 293
4 170 227
4 178 141
4 179 72
4 184 351
4 186 288
4 192 192
4 194 99
4 196 48
4 198 271
4 200 155
5 9 323
5 11 259
5 16 256
5 17 235
5 19 118
5 20 142
5 29 149
5 36 100
5 37 281
5 38 321
5 46 224
5 56 107
5 58 49
5 62 273
5 64 321
5 73 321
5 82 172
5 83 394
5 87 14
5 89 64
5 92 69
5 93 359
5 95 19
5 103 46
5 109 94
5 113 39
5 119 143
5 123 217
5 130 385
5 132 151
5 134 72
5 137 67
5 139 81
5 149 63
5 150 23
5 152 363
5 158 180
5 161 308
5 167 68
5 181 175
5 190 89
6 15 229
6 16 74
6 18 372
6 22 185
6 23 245
6 26 88
6 41 23
6 42 71
6 44 388
6 46 15
6 48 235
6 49 258
6 55 359
6 58 223
6 62 179
6 68 312
6 85 229
6 87 210
6 89 267
6 97 174
6 100 390
6 102 317
6 103 221
6 110 338
6 114 252
6 118 202
6 119 292
6 121 210
6 132 4
6 133 360
6 134 332
6 135 266
6 140 117
6 141 33
6 143 235
6 144 88
6 148 207
6 174 367
6 180 230
6 184 388
6 190 251
6 196 369
6 197 293
6 198 38
6 200 34
7 11 193
7 14 248
7 17 235
7 18 143
7 24 299
7 30 29
7 37 36
7 41 385
7 44 199
7 46 44
7 48 324
7 51 58
7 61 231
7 66 139
7 68 306
7 76 346
7 78 16
7 87 52
7 88 319
7 90 334
7 94 159
7 101 400
7 104 345
7 105 113
7 109 252
7 113 384
7 121 73
7 122 394
7 125 239
7 126 217
7 135 272
7 138 210
7 143 57
7 167 375
7 173 204
7 175 184
7 176 320
7 181 332
7 184 211
7 185 305
7 188 156
7 193 14
7 195 310
7 198 344
8 9 57
8 11 63
8 16 217
8 18 43
8 19 321
8 21 16
8 23 166
8 25 57
8 28 207
8 29 5
8 37 57
8 38 1
8 39 60
8 41 272
8 42 79
8 44 188
8 45 215
8 53 99
8 56 49
8 64 155
8 66 198
8 73 389
8 74 58
8 84 103
8 86 64
8 88 91
8 89 105
8 93 362
8 101 390
8 102 378
8 105 242
8 107 234
8 111 383
8 116 244
8 117 233
8 120 363
8 122 21
8 124 182
8 125 237
8 126 181
8 129 52
8 132 65
8 133 374
8 135 197
8 145 229
8 150 233
8 154 272
8 158 260
8 165 134
8 166 34
8 170 105
8 177 52
8 180 187
8 182 145
8 184 338
8 185 106
8 187 68
8 190 248
8 191 135
8 192 283
8 195 388
8 200 150
9 12 227
9 13 324
9 14 360
9 21 233
9 22 340
9 23 207
9 24 392
9 30 137
9 33 71
9 34 59
9 38 139
9 39 102
9 42 24
9 46 237
9 47 224
9 60 195
9 67 62
9 74 278
9 79 197
9 82 196
9 83 15
9 91 221
9 92 2
9 94 296
9 107 37
9 109 162
9 114 274
9 121 370
9 123 13
9 124 205
9 133 261
9 134 171
9 135 302
9 136 274
9 140 310
9 144 43
9 146 163
9 152 225
9 161 307
9 165 368
9 166 369
9 169 324
9 178 317
9 179 302
9 181 17
9 188 243
9 193 165
9 198 341
9 199 343
10 11 261
10 12 165
10 14 156
10 15 216
10 16 57
10 26 363
10 29 108
10 31 333
10 33 88
10 37 129
10 40 160
10 42 190
10 49 112
10 50 202
10 52 132
10 54 182
10 55 380
10 58 358
10 60 269
10 67 132
10 68 399
10 69 136
10 71 193
10 72 357
10 73 242
10 84 162
10 87 377
10 90 331
10 92 58
10 93 214
10 94 314
10 96 346
10 110 59
10 111 301
10 114 18
10 121 185
10 127 305
10 129 399
10 131 99
10 134 58
10 136 113
10 141 83
10 147 266
10 150 298
10 152 89
10 155 173
10 156 20
10 170 141
10 171 359
10 173 217
10 174 175
10 185 36
10 187 140
10 188 200
10 191 23
10 198 309
11 15 127
11 16 212
11 27 81
11 33 83
11 36 352
11 37 267
11 39 340
11 51 138
11 53 34
11 54 146
11 55 332
11 60 344
11 61 397
11 62 70
11 63 389
11 64 383
11 69 257
11 70 208
11 72 305
11 76 316
11 78 256
11 80 262
11 81 70
11 82 259
11 83 132
11 85 223
11 90 10
11 96 257
11 101 6
11 108 202
11 109 337
11 111 143
11 114 231
11 116 175
11 118 246
11 123 185
11 135 75
11 137 156
11 140 370
11 141 179
11 150 234
11 151 54
11 154 372
11 164 379
11 165 393
11 180 297
11 183 133
11 185 137
11 191 133
11 195 361
12 15 60
12 16 260
12 26 276
12 30 379
12 33 355
12 36 165
12 38 291
12 41 59
12 43 12
12 45 368
12 50 73
12 59 18
12 61 38
12 66 264
12 68 331
12 71 316
12 74 335
12 75 204
12 76 243
12 81 88
12 83 233
12 89 154
12 90 184
12 101 295
12 102 196
12 104 352
12 105 33
12 116 66
12 123 269
12 125 116
12 127 97
12 129 219
12 130 222
12 138 238
12 147 9
12 154 141
12 158 45
12 169 91
12 172 101
12 179 345
12 182 366
12 184 382
12 188 109
13 14 272
13 18 218
13 19 45
13 20 390
13 23 180
13 31 78
13 39 373
13 42 8
13 44 124
13 45 102
13 50 313
13 57 379
13 60 77
13 61 376
13 65 24
13 66 43
13 68 286
13 69 127
13 79 377
13 88 222
13 93 200
13 104 251
13 105 188
13 107 232
13 114 288
13 117 30
13 120 234
13 139 304
13 144 154
13 148 321
13 160 194
13 161 369
13 162 398
13 169 311
13 182 232
13 194 237
13 195 38
14 16 203
14 18 166
14 21 225
14 29 141
14 31 179
14 34 168
14 35 16
14 38 357
14 39 219
14 41 372
14 43 146
14 47 265
14 49 203
14 52 370
14 53 203
14 56 291
14 57 225
14 61 247
14 69 148
14 76 344
14 85 293
14 90 132
14 91 358
14 94 266
14 95 332
14 97 22
14 98 190
14 99 385
14 103 74
14 106 49
14 108 241
14 110 374
14 121 256
14 129 118
14 131 28
14 134 258
14 136 373
14 138 394
14 144 321
14 147 319
14 152 86
14 153 76
14 154 84
14 155 375
14 157 356
14 159 235
14 160 303
14 168 103
14 174 324
14 175 117
14 176 280
14 177 13
14 181 253
14 182 371
14 185 23
14 187 18
14 188 163
14 191 28
14 193 320
14 194 176
14 195 237
14 197 193
15 16 191
15 17 311
15 22 295
15 23 398
15 24 332
15 25 88
15 31 307
15 34 236
15 36 382
15 44 88
15 46 218
15 48 374
15 53 23
15 55 93
15 56 198
15 61 327
15 68 359
15 73 28
15 76 278
15 86 180
15 92 222
15 93 204
15 106 340
15 107 166
15 112 149
15 113 144
15 121 199
15 122 268
15 123 27
15 124 384
15 129 342
15 132 315
15 137 97
15 138 86
15 139 374
15 141 65
15 145 194
15 146 80
15 147 202
15 150 304
15 155 27
15 164 208
15 165 6
15 170 381
15 177 324
15 178 187
15 183 165
15 185 145
15 187 114
15 194 331
15 198 139
16 17 54
16 20 127
16 21 110
16 25 96
16 28 59
16 32 299
16 36 303
16 41 219
16 42 305
16 43 282
16 53 301
16 62 271
16 69 5
16 71 98
16 73 17
16 74 217
16 84 278
16 86 388
16 92 37
16 93 366
16 97 127
16 106 108
16 109 1
16 119 170
16 122 197
16 123 148
16 124 377
16 129 354
16 132 40
16 135 389
16 137 144
16 139 139
16 140 45
16 149 154
16 153 331
16 157 52
16 159 47
16 160 162
16 162 327
16 163 54
16 174 210
16 179 359
16 186 253
16 187 283
16 189 268
16 190 387
16 193 320
16 194 293
16 195 98
17 18 359
17 19 383
17 24 385
17 31 337
17 34 9
17 36 396
17 39 378
17 45 220
17 49 365
17 55 288
17 56 276
17 59 89
17 60 307
17 62 362
17 66 145
17 69 77
17 72 334
17 79 20
17 83 50
17 85 164
17 88 243
17 91 182
17 92 136
17 100 325
17 106 272
17 117 148
17 123 226
17 125 24
17 128 78
17 130 162
17 131 6
17 136 323
17 139 211
17 147 74
17 149 309
17 153 344
17 154 259
17 155 382
17 157 350
17 165 243
17 180 162
17 183 308
17 188 343
17 192 345
17 194 196
17 200 127
18 20 201
18 25 386
18 28 92
18 31 57
18 37 109
18 38 364
18 39 141
18 47 246
18 50 306
18 55 51
18 59 245
18 64 208
18 70 251
18 75 230
18 78 362
18 81 283
18 95 387
18 96 325
18 103 335
18 115 22
18 119 87
18 121 230
18 123 28
18 125 267
18 126 183
18 134 49
18 142 171
18 147 6
18 149 394
18 150 258
18 156 280
18 159 190
18 160 253
18 166 366
18 169 26
18 170 23
18 172 60
18 173 255
18 190 219
19 24 212
19 25 51
19 28 381
19 30 51
19 31 227
19 33 337
19 43 118
19 46 157
19 55 4
19 56 120
19 60 320
19 61 275
19 64 265
19 67 328
19 68 194
19 71 30
19 75 123
19 81 330
19 85 265
19 88 262
19 90 170
19 91 241
19 97 229
19 107 269
19 110 124
19 118 208
19 129 100
19 130 9
19 132 323
19 153 273
19 155 107
19 156 71
19 157 209
19 173 47
19 175 175
19 182 220
19 188 321
19 191 159
19 198 136
20 22 18
20 26 284
20 27 155
20 28 203
20 35 81
20 36 1
20 39 9
20 45 60
20 57 7
20 62 56
20 68 332
20 72 110
20 74 120
20 77 322
20 80 244
20 82 214
20 87 355
20 88 232
20 90 256
20 96 278
20 101 23
20 105 157
20 106 86
20 107 88
20 111 77
20 113 64
20 115 55
20 117 46
20 122 340
20 129 221
20 137 266
20 146 370
20 147 372
20 165 66
20 167 106
20 171 93
20 174 225
20 175 133
20 177 15
20 191 379
20 193 364
20 194 171
21 27 172
21 30 273
21 35 202
21 42 244
21 46 190
21 48 3
21 50 343
21 51 299
21 54 44
21 62 29
21 73 189
21 82 145
21 86 281
21 95 169
21 98 278
21 100 72
21 101 325
21 103 115
21 104 361
21 110 213
21 115 353
21 117 376
21 120 15
21 123 365
21 124 357
21 128 344
21 131 400
21 132 270
21 139 140
21 141 40
21 142 291
21 144 163
21 145 376
21 146 2
21 147 384
21 151 280
21 153 157
21 154 355
21 159 176
21 160 347
21 168 206
21 170 246
21 174 327
21 182 290
21 185 153
21 192 364
21 198 198
21 200 31
22 24 131
22 26 293
22 27 261
22 32 209
22 33 256
22 39 253
22 40 306
22 42 119
22 49 357
22 52 148
22 54 329
22 58 397
22 62 12
22 64 140
22 65 156
22 69 390
22 72 394
22 73 266
22 77 396
22 83 245
22 86 280
22 89 242
22 90 89
22 94 218
22 98 224
22 100 300
22 101 222
22 105 251
22 107 33
22 108 221
22 111 101
22 113 358
22 117 226
22 127 116
22 131 125
22 134 270
22 135 180
22 136 86
22 140 205
22 142 142
22 144 270
22 147 112
22 158 65
22 160 343
22 166 172
22 169 389
22 177 274
22 180 136
22 181 183
22 183 374
22 184 119
22 185 299
22 190 37
22 196 389
22 198 234
22 200 127
23 24 5
23 25 22
23 26 320
23 28 175
23 37 231
23 38 17
23 41 321
23 47 251
23 51 325
23 62 207
23 65 260
23 67 73
23 69 145
23 70 39
23 76 296
23 77 198
23 83 150
23 86 239
23 90 255
23 95 381
23 96 53
23 98 42
23 99 152
23 100 244
23 101 129
23 107 229
23 111 180
23 112 250
23 115 305
23 117 31
23 118 6
23 119 205
23 127 260
23 130 67
23 131 149
23 144 82
23 147 197
23 148 100
23 151 270
23 152 379
23 155 315
23 162 331
23 165 250
23 173 86
23 175 197
23 176 93
23 177 280
23 181 151
23 182 63
23 185 349
23 189 27
23 191 297
23 195 355
23 196 301
23 199 193
23 200 340
24 25 283
24 29 300
24 37 374
24 38 297
24 39 356
24 47 28
24 51 15
24 54 36
24 62 294
24 63 362
24 65 270
24 68 288
24 70 353
24 73 35
24 75 285
24 76 233
24 85 1
24 86 4
24 93 177
24 96 359
24 97 63
24 101 333
24 105 258
24 106 264
24 109 4
24 112 11
24 119 14
24 123 66
24 124 8
24 128 186
24 129 139
24 132 27
24 135 164
24 144 285
24 145 244
24 149 40
24 152 62
24 154 113
24 160 270
24 163 169
24 164 283
24 167 388
24 169 43
24 171 292
24 177 43
24 186 311
24 188 212
24 193 106
24 194 391
25 29 360
25 40 131
25 41 251
25 45 123
25 54 260
25 59 66
25 77 47
25 79 92
25 86 164
25 93 244
25 95 42
25 99 249
25 100 393
25 109 115
25 111 168
25 116 133
25 125 40
25 128 225
25 139 326
25 144 221
25 146 161
25 147 290
25 159 106
25 166 18
25 169 365
25 175 378
25 179 335
25 186 99
25 191 276
25 192 282
25 194 173
25 195 398
25 200 191
26 30 153
26 33 344
26 37 67
26 44 187
26 46 388
26 50 30
26 55 281
26 58 268
26 64 56
26 79 46
26 90 169
26 92 112
26 99 189
26 102 352
26 103 34
26 105 88
26 107 154
26 112 122
26 114 20
26 126 29
26 128 314
26 131 324
26 132 114
26 140 344
26 149 277
26 153 85
26 158 392
26 160 15
26 162 378
26 163 239
26 169 280
26 182 132
26 183 19
26 184 197
26 185 158
26 187 172
26 194 323
26 197 184
26 198 242
26 199 164
26 200 350
27 30 105
27 33 368
27 35 273
27 37 380
27 42 116
27 45 197
27 51 349
27 56 56
27 66 360
27 67 294
27 69 133
27 81 346
27 83 219
27 104 218
27 111 164
27 112 164
27 119 189
27 120 243
27 121 292
27 122 355
27 123 36
27 129 70
27 130 81
27 133 174
27 134 60
27 142 190
27 144 130
27 146 278
27 147 286
27 148 110
27 151 148
27 153 381
27 155 275
27 157 342
27 161 62
27 163 194
27 165 159
27 175 183
27 176 4
27 177 314
27 181 305
27 183 12
27 185 326
27 190 204
27 194 161
27 196 374
27 197 317
27 198 224
27 199 106
28 30 356
28 34 259
28 46 250
28 52 119
28 54 249
28 57 25
28 66 377
28 72 313
28 75 118
28 77 79
28 86 324
28 91 140
28 94 287
28 96 228
28 101 389
28 102 79
28 107 107
28 108 95
28 112 23
28 115 67
28 119 40
28 122 290
28 127 358
28 131 216
28 132 131
28 137 250
28 142 212
28 149 13
28 161 215
28 163 72
28 164 99
28 167 263
28 168 53
28 170 364
28 176 100
28 177 127
28 182 386
28 183 160
28 184 144
28 192 123
28 196 40
28 197 276
28 199 110
29 30 380
29 32 123
29 33 229
29 35 328
29 37 162
29 42 305
29 46 86
29 48 171
29 53 167
29 69 341
29 76 64
29 77 318
29 87 172
29 100 79
29 108 226
29 110 395
29 111 304
29 120 43
29 123 189
29 126 273
29 132 396
29 136 179
29 138 380
29 139 297
29 147 332
29 153 244
29 155 59
29 160 390
29 163 181
29 166 379
29 168 243
29 170 87
29 173 111
29 177 85
29 183 17
29 187 235
29 188 306
29 190 262
29 192 73
29 193 104
29 196 315
29 199 150
30 39 275
30 43 123
30 58 257
30 60 376
30 66 304
30 67 102
30 71 132
30 76 224
30 80 242
30 85 201
30 98 213
30 100 394
30 104 276
30 107 333
30 110 120
30 113 316
30 114 224
30 124 116
30 126 25
30 127 276
30 134 176
30 135 87
30 136 120
30 137 105
30 139 190
30 143 363
30 145 227
30 146 232
30 152 156
30 160 19
30 162 13
30 163 96
30 171 240
30 181 159
30 189 282
30 191 217
30 194 84
30 195 379
30 198 55
31 35 120
31 43 114
31 44 220
31 45 221
31 47 87
31 49 42
31 56 81
31 57 132
31 65 257
31 70 175
31 72 167
31 73 321
31 79 203
31 83 97
31 89 127
31 95 260
31 99 343
31 100 379
31 105 346
31 107 78
31 110 317
31 118 324
31 120 85
31 126 93
31 135 270
31 136 383
31 139 330
31 141 304
31 142 134
31 145 87
31 147 330
31 157 233
31 159 14
31 166 107
31 178 91
31 179 366
31 183 388
31 187 141
31 189 22
31 194 256
32 40 65
32 60 17
32 62 41
32 68 266
32 71 257
32 79 103
32 81 229
32 96 8
32 98 91
32 105 138
32 107 150
32 109 8
32 110 242
32 117 264
32 122 205
32 123 219
32 124 307
32 130 209
32 131 156
32 132 379
32 134 297
32 135 135
32 148 96
32 156 381
32 158 108
32 159 177
32 161 396
32 168 71
32 175 91
32 177 66
32 183 336
32 186 302
32 189 235
32 191 347
32 197 326
32 198 352
33 36 86
33 51 60
33 52 250
33 55 395
33 58 280
33 59 54
33 60 349
33 68 377
33 69 74
33 70 340
33 75 33
33 87 36
33 102 177
33 106 197
33 107 297
33 116 348
33 117 282
33 119 224
33 124 143
33 125 218
33 128 67
33 132 360
33 134 346
33 149 371
33 150 363
33 152 378
33 158 345
33 161 336
33 165 211
33 166 90
33 168 264
33 172 303
33 173 293
33 175 287
33 180 321
33 182 316
33 184 80
33 188 92
33 193 220
33 194 362
33 198 92
34 40 383
34 41 370
34 43 291
34 45 13
34 47 231
34 51 118
34 52 69
34 60 130
34 62 104
34 64 304
34 68 2
34 69 371
34 72 172
34 80 374
34 81 388
34 82 56
34 83 313
34 84 175
34 88 75
34 93 172
34 96 224
34 97 58
34 100 25
34 101 287
34 102 92
34 104 356
34 111 400
34 114 111
34 115 212
34 127 233
34 128 337
34 132 116
34 140 398
34 141 229
34 145 262
34 147 256
34 152 164
34 158 104
34 165 199
34 166 225
34 168 394
34 172 271
34 174 293
34 179 166
34 188 120
35 37 92
35 43 57
35 50 203
35 52 177
35 55 120
35 61 359
35 64 315
35 69 118
35 70 378
35 75 306
35 81 225
35 83 162
35 84 119
35 85 148
35 92 352
35 95 10
35 98 246
35 101 118
35 102 188
35 104 242
35 106 229
35 120 223
35 121 57
35 130 336
35 132 58
35 133 310
35 138 103
35 148 91
35 149 88
35 151 258
35 156 267
35 159 255
35 161 373
35 170 353
35 172 364
35 173 373
35 175 215
35 187 294
35 188 287
35 189 97
35 190 378
35 191 82
35 192 148
35 196 144
35 199 91
36 37 393
36 39 20
36 41 391
36 42 338
36 46 205
36 55 397
36 57 313
36 62 248
36 67 168
36 70 114
36 72 389
36 73 346
36 81 97
36 82 166
36 85 371
36 88 311
36 90 142
36 92 154
36 95 125
36 99 368
36 103 157
36 112 342
36 113 93
36 118 114
36 132 150
36 135 258
36 136 346
36 145 78
36 157 189
36 158 390
36 162 205
36 165 123
36 168 193
36 169 67
36 174 348
36 175 209
36 176 209
36 179 148
36 183 72
36 185 348
36 186 300
36 200 55
37 41 133
37 44 249
37 50 216
37 52 160
37 61 258
37 64 316
37 73 4
37 74 359
37 75 172
37 77 307
37 78 8
37 79 394
37 83 215
37 86 16
37 87 66
37 89 51
37 91 74
37 96 217
37 102 202
37 108 221
37 121 341
37 123 155
37 129 128
37 131 330
37 142 110
37 143 328
37 145 26
37 152 395
37 164 25
37 165 75
37 168 192
37 171 286
37 172 177
37 175 160
37 179 332
37 182 57
37 185 383
37 190 133
37 192 146
37 195 123
37 196 182
37 198 374
38 52 382
38 55 371
38 56 272
38 57 98
38 64 359
38 65 388
38 72 335
38 76 124
38 82 221
38 90 326
38 97 209
38 101 342
38 103 396
38 107 38
38 120 383
38 121 34
38 126 149
38 127 27
38 128 126
38 130 40
38 136 108
38 138 116
38 139 169
38 140 351
38 142 341
38 144 384
38 148 143
38 150 262
38 159 158
38 164 397
38 166 7
38 169 382
38 178 230
38 180 326
38 181 190
38 187 367
38 197 375
39 40 357
39 49 247
39 57 383
39 62 341
39 67 203
39 69 363
39 72 286
39 74 68
39 75 356
39 76 44
39 79 11
39 84 255
39 92 184
39 97 168
39 98 79
39 101 19
39 103 258
39 104 299
39 105 219
39 112 196
39 113 355
39 114 378
39 116 47
39 118 284
39 122 48
39 124 389
39 125 378
39 128 283
39 136 35
39 137 223
39 138 46
39 142 39
39 143 163
39 151 372
39 152 150
39 153 152
39 160 110
39 176 86
39 179 124
39 180 382
39 186 1
39 191 113
40 41 92
40 42 186
40 46 92
40 47 94
40 48 89
40 51 47
40 52 89
40 53 25
40 54 345
40 55 279
40 57 306
40 68 373
40 71 205
40 76 220
40 80 297
40 87 284
40 89 69
40 90 195
40 102 137
40 103 283
40 105 186
40 106 286
40 116 104
40 117 201
40 119 327
40 124 177
40 125 390
40 129 64
40 130 160
40 132 175
40 133 294
40 136 385
40 139 293
40 140 392
40 144 178
40 147 96
40 149 164
40 150 188
40 153 374
40 156 204
40 164 63
40 166 310
40 176 272
40 181 399
40 186 78
40 188 288
40 189 327
40 191 394
40 194 189
40 196 184
40 198 141
41 44 234
41 47 105
41 49 315
41 50 162
41 54 146
41 56 46
41 57 9
41 58 398
41 65 304
41 67 2
41 74 380
41 81 186
41 82 121
41 84 323
41 86 114
41 91 386
41 93 357
41 99 86
41 101 135
41 109 219
41 111 387
41 113 178
41 120 260
41 131 266
41 132 24
41 135 287
41 136 212
41 139 119
41 142 333
41 143 264
41 144 205
41 147 32
41 152 241
41 157 212
41 159 14
41 165 320
41 166 95
41 167 284
41 170 198
41 172 194
41 175 378
41 183 231
41 184 30
41 185 121
41 187 324
41 189 352
41 193 76
41 195 108
41 196 274
41 200 365
42 49 199
42 55 127
42 56 335
42 57 245
42 58 320
42 59 137
42 62 200
42 70 241
42 71 127
42 74 59
42 77 60
42 79 110
42 86 190
42 95 290
42 104 400
42 105 377
42 112 271
42 126 251
42 128 367
42 134 400
42 136 216
42 142 68
42 143 311
42 155 246
42 158 77
42 160 260
42 166 54
42 167 177
42 170 165
42 177 396
42 182 172
42 189 332
42 191 4
42 192 248
42 193 22
42 196 327
42 197 297
42 199 55
43 48 340
43 58 280
43 62 289
43 66 48
43 70 309
43 84 50
43 89 259
43 95 51
43 96 307
43 105 177
43 107 357
43 111 219
43 117 250
43 121 89
43 131 134
43 134 286
43 141 12
43 143 154
43 147 69
43 148 130
43 150 179
43 152 395
43 153 10
43 159 296
43 163 72
43 165 253
43 179 171
43 184 398
43 187 22
43 190 195
43 192 189
43 200 39
44 47 352
44 49 125
44 50 133
44 58 98
44 63 290
44 64 258
44 74 358
44 75 52
44 76 114
44 78 151
44 82 74
44 86 200
44 88 333
44 89 256
44 97 21
44 98 144
44 108 207
44 109 215
44 115 346
44 117 309
44 118 346
44 130 44
44 134 256
44 140 247
44 142 268
44 146 171
44 149 258
44 150 241
44 154 113
44 160 69
44 163 300
44 165 171
44 169 48
44 170 215
44 171 84
44 173 117
44 185 384
44 193 251
44 194 86
44 200 372
45 60 37
45 66 331
45 69 149
45 70 207
45 74 310
45 77 143
45 79 107
45 84 196
45 85 196
45 94 388
45 96 294
45 101 324
45 105 94
45 107 209
45 108 146
45 110 387
45 112 227
45 115 354
45 118 119
45 120 93
45 125 31
45 127 293
45 133 205
45 135 232
45 150 326
45 155 180
45 158 384
45 159 220
45 171 76
45 175 305
45 178 65
45 183 83
45 184 382
45 185 398
45 194 180
45 197 107
46 50 390
46 53 325
46 57 371
46 64 71
46 67 205
46 70 19
46 73 94
46 81 8
46 85 314
46 90 313
46 91 233
46 93 261
46 95 367
46 96 199
46 99 215
46 106 58
46 107 367
46 109 278
46 110 383
46 116 354
46 118 322
46 119 47
46 120 342
46 131 157
46 132 349
46 136 342
46 137 105
46 138 138
46 143 396
46 144 116
46 145 4
46 147 98
46 151 13
46 154 348
46 155 16
46 166 78
46 168 226
46 179 74
46 180 140
46 182 244
46 183 96
46 191 269
46 196 11
46 197 158
47 48 220
47 49 208
47 53 14
47 54 297
47 56 381
47 67 217
47 71 205
47 73 320
47 74 120
47 75 376
47 81 344
47 87 26
47 97 365
47 98 144
47 101 363
47 103 239
47 106 124
47 121 343
47 122 11
47 144 15
47 145 119
47 147 294
47 148 252
47 155 295
47 157 1
47 158 359
47 163 170
47 175 370
47 179 376
47 188 343
47 189 323
47 192 36
47 194 387
48 56 36
48 57 242
48 58 244
48 63 244
48 64 91
48 77 75
48 84 309
48 85 28
48 90 52
48 98 235
48 104 97
48 115 333
48 117 144
48 123 314
48 124 220
48 126 299
48 129 106
48 130 269
48 131 40
48 139 161
48 143 2
48 155 276
48 156 319
48 158 4
48 160 29
48 166 286
48 171 8
48 174 134
48 176 238
48 182 224
48 184 188
48 194 142
48 198 83
48 199 123
49 52 64
49 54 74
49 66 270
49 76 181
49 77 120
49 78 320
49 81 393
49 87 278
49 91 328
49 96 333
49 103 372
49 111 103
49 117 77
49 118 156
49 126 165
49 127 51
49 136 313
49 137 303
49 144 80
49 150 388
49 152 19
49 157 121
49 163 134
49 168 233
49 171 251
49 180 244
49 182 294
49 183 188
49 184 118
49 187 158
49 188 340
49 192 107
49 198 285
50 58 86
50 62 28
50 63 363
50 76 210
50 81 36
50 82 147
50 85 199
50 86 339
50 97 155
50 101 101
50 103 3
50 108 112
50 111 195
50 112 346
50 113 56
50 120 153
50 125 11
50 139 227
50 142 316
50 152 5
50 157 89
50 160 26
50 168 355
50 173 215
50 180 94
50 181 242
50 183 68
50 189 198
50 192 66
50 193 267
50 194 185
50 195 80
50 198 4
51 53 279
51 55 202
51 65 66
51 67 108
51 68 315
51 72 151
51 75 350
51 77 152
51 81 390
51 82 162
51 88 193
51 91 39
51 92 32
51 96 357
51 98 311
51 99 3
51 100 126
51 110 283
51 118 176
51 126 146
51 129 86
51 131 390
51 137 50
51 138 344
51 142 397
51 144 290
51 149 1
51 153 8
51 160 132
51 166 211
51 177 226
51 179 78
51 186 7
51 189 305
51 190 21
51 191 347
51 192 46
51 196 38
51 198 7
52 54 125
52 56 234
52 57 396
52 61 398
52 65 26
52 71 172
52 77 204
52 81 23
52 93 181
52 94 148
52 98 221
52 107 297
52 112 353
52 114 386
52 126 265
52 127 386
52 134 16
52 137 261
52 143 186
52 147 195
52 155 51
52 158 324
52 167 257
52 169 284
52 179 21
52 183 115
52 184 261
52 187 309
52 200 352
53 67 157
53 68 185
53 72 205
53 73 357
53 82 330
53 86 155
53 91 323
53 97 313
53 104 18
53 105 364
53 106 71
53 107 235
53 111 252
53 114 127
53 116 333
53 118 23
53 121 294
53 125 65
53 129 95
53 134 111
53 154 372
53 167 65
53 169 37
53 170 54
53 176 336
53 182 171
53 185 376
53 188 108
53 193 149
53 196 159
53 197 325
53 198 336
54 67 118
54 71 216
54 74 398
54 75 183
54 78 312
54 94 133
54 96 6
54 100 37
54 102 374
54 105 257
54 106 9
54 115 95
54 117 13
54 122 229
54 127 109
54 130 125
54 132 97
54 133 352
54 135 215
54 143 376
54 145 17
54 146 368
54 147 17
54 151 393
54 152 260
54 163 243
54 166 201
54 169 274
54 174 377
54 176 243
54 180 227
54 184 69
54 186 306
54 189 12
54 194 21
55 61 222
55 63 59
55 65 73
55 69 7
55 71 212
55 88 394
55 94 178
55 95 143
55 99 319
55 100 392
55 101 59
55 103 230
55 105 217
55 109 182
55 111 226
55 115 368
55 123 266
55 124 374
55 126 185
55 130 50
55 131 163
55 133 54
55 145 342
55 147 117
55 149 192
55 150 110
55 151 101
55 152 145
55 157 31
55 162 253
55 169 54
55 170 30
55 171 168
55 174 25
55 177 234
55 195 280
55 198 145
55 200 339
56 59 62
56 62 100
56 64 140
56 66 400
56 74 73
56 77 225
56 78 251
56 84 344
56 91 335
56 97 269
56 103 225
56 117 129
56 124 10
56 130 350
56 141 33
56 142 303
56 145 329
56 154 22
56 161 219
56 165 218
56 169 96
56 170 119
56 171 287
56 175 51
56 182 68
56 183 180
56 189 313
56 190 228
56 194 347
56 196 349
57 59 371
57 66 171
57 71 70
57 74 284
57 77 287
57 79 231
57 80 60
57 81 199
57 82 291
57 90 341
57 91 148
57 98 77
57 101 160
57 107 341
57 111 275
57 114 117
57 117 125
57 118 134
57 129 391
57 131 394
57 136 119
57 138 156
57 140 226
57 146 90
57 155 208
57 163 359
57 165 219
57 174 192
57 176 278
57 177 279
57 180 204
57 187 333
57 196 111
58 60 213
58 64 324
58 66 166
58 69 53
58 71 281
58 73 336
58 78 96
58 80 257
58 91 145
58 93 122
58 94 12
58 95 302
58 100 387
58 104 224
58 106 42
58 107 175
58 110 208
58 115 221
58 117 393
58 118 44
58 120 178
58 137 236
58 145 274
58 147 279
58 153 136
58 160 133
58 161 119
58 168 138
58 169 145
58 170 65
58 171 84
58 175 154
58 179 311
58 184 242
58 186 117
58 195 96
58 200 336
59 64 101
59 66 192
59 70 389
59 86 330
59 90 264
59 111 101
59 114 91
59 122 392
59 124 290
59 126 10
59 129 160
59 130 63
59 137 378
59 142 276
59 143 249
59 150 320
59 155 194
59 156 51
59 158 5
59 160 26
59 162 358
59 163 171
59 165 27
59 169 384
59 171 204
59 174 50
59 178 57
59 180 186
59 182 372
59 183 102
59 184 108
59 191 114
59 194 58
59 199 306
60 65 117
60 74 395
60 79 62
60 83 87
60 86 274
60 91 142
60 95 225
60 96 65
60 97 216
60 104 10
60 105 73
60 106 46
60 110 224
60 112 81
60 120 266
60 124 279
60 126 113
60 131 109
60 133 327
60 134 164
60 148 265
60 150 86
60 152 77
60 155 395
60 159 310
60 160 366
60 170 57
60 171 282
60 176 379
60 180 36
60 181 160
60 183 90
60 186 198
60 191 367
60 197 109
60 198 315
61 62 287
61 66 73
61 69 317
61 72 115
61 78 386
61 86 260
61 91 37
61 97 169
61 101 162
61 102 333
61 104 317
61 107 3
61 108 141
61 111 144
61 112 234
61 117 196
61 118 362
61 122 214
61 123 375
61 135 168
61 142 42
61 144 270
61 145 181
61 146 341
61 152 375
61 163 3
61 166 167
61 172 43
61 176 289
61 183 92
61 185 34
61 186 354
61 187 14
61 190 118
61 193 209
61 195 240
61 197 244
62 70 283
62 77 64
62 90 239
62 95 345
62 96 237
62 111 395
62 118 250
62 124 332
62 128 356
62 129 71
62 131 140
62 136 341
62 138 337
62 141 134
62 145 48
62 146 266
62 148 119
62 150 31
62 156 226
62 158 240
62 161 208
62 167 399
62 168 197
62 181 34
62 191 202
62 193 230
62 194 227
62 197 70
62 198 316
62 200 242
63 65 38
63 67 79
63 71 36
63 72 248
63 74 260
63 78 348
63 87 189
63 93 281
63 98 100
63 99 392
63 100 39
63 101 140
63 103 372
63 104 134
63 106 313
63 109 367
63 110 174
63 117 160
63 121 135
63 123 164
63 125 400
63 126 374
63 132 153
63 133 182
63 137 236
63 141 176
63 142 268
63 157 80
63 159 400
63 165 162
63 178 98
63 184 310
63 186 164
63 187 394
63 189 293
63 195 156
64 72 311
64 77 189
64 79 161
64 87 316
64 93 86
64 94 9
64 97 4
64 102 42
64 105 95
64 108 325
64 109 296
64 110 127
64 111 13
64 115 132
64 120 239
64 123 185
64 129 163
64 132 26
64 141 390
64 142 80
64 151 115
64 180 47
64 190 177
64 193 111
64 196 309
65 70 146
65 71 75
65 75 239
65 80 141
65 83 147
65 84 328
65 85 221
65 93 144
65 95 293
65 101 231
65 104 99
65 106 193
65 110 47
65 111 25
65 112 292
65 114 347
65 115 114
65 116 229
65 117 248
65 129 30
65 131 4
65 133 288
65 137 21
65 141 60
65 152 186
65 155 246
65 157 96
65 159 72
65 168 303
65 170 263
65 171 76
65 172 74
65 173 359
65 174 137
65 179 24
65 194 182
65 199 236
65 200 346
66 67 107
66 70 111
66 71 307
66 74 132
66 84 25
66 87 278
66 88 196
66 93 155
66 96 217
66 101 185
66 109 169
66 116 79
66 120 306
66 122 277
66 127 296
66 129 73
66 134 302
66 139 164
66 149 268
66 151 170
66 154 27
66 155 41
66 156 346
66 157 95
66 175 67
66 176 126
66 180 143
66 181 56
66 182 329
66 184 80
66 187 325
66 188 53
66 189 111
66 192 227
67 68 278
67 77 400
67 78 73
67 84 231
67 88 378
67 89 193
67 91 113
67 92 29
67 96 263
67 98 361
67 102 211
67 103 392
67 106 77
67 108 114
67 109 196
67 112 285
67 113 226
67 117 386
67 125 69
67 134 190
67 148 164
67 150 124
67 153 100
67 159 178
67 160 77
67 169 338
67 170 280
67 175 172
67 177 308
67 187 53
67 194 124
67 196 342
67 198 371
67 200 152
68 70 108
68 75 221
68 79 249
68 83 366
68 84 33
68 92 382
68 97 36
68 99 139
68 101 336
68 103 318
68 105 198
68 109 23
68 115 362
68 119 24
68 123 323
68 125 390
68 127 279
68 134 399
68 137 126
68 138 82
68 139 83
68 146 393
68 147 337
68 150 241
68 154 261
68 156 131
68 165 141
68 171 358
68 174 51
68 177 320
68 183 158
68 185 168
68 195 130
68 196 153
68 199 254
69 82 52
69 89 272
69 93 400
69 94 48
69 95 185
69 103 380
69 108 333
69 111 163
69 114 265
69 117 37
69 118 306
69 129 288
69 134 116
69 136 360
69 138 162
69 150 5
69 152 163
69 153 59
69 155 192
69 156 244
69 157 120
69 166 127
69 168 38
69 172 300
69 178 99
69 180 181
69 183 191
69 184 286
69 186 111
69 188 1
69 189 308
69 190 286
69 192 23
69 196 322
69 198 183
69 199 256
70 71 140
70 73 229
70 74 113
70 75 355
70 77 140
70 82 184
70 90 198
70 94 254
70 96 366
70 102 68
70 112 219
70 113 17
70 120 369
70 121 322
70 128 392
70 145 378
70 147 291
70 148 281
70 149 301
70 151 325
70 153 142
70 155 297
70 157 335
70 161 29
70 166 87
70 172 16
70 174 267
70 175 63
70 177 78
70 178 201
70 184 168
70 188 358
70 189 328
70 190 116
70 191 170
70 196 216
70 199 282
71 73 347
71 82 334
71 86 122
71 88 357
71 98 224
71 101 283
71 103 145
71 107 288
71 111 318
71 114 201
71 124 71
71 130 217
71 133 212
71 135 303
71 139 349
71 141 178
71 149 375
71 153 385
71 159 186
71 160 362
71 168 73
71 170 27
71 176 50
71 181 325
71 182 296
71 183 252
71 186 90
71 188 222
71 190 385
71 197 44
71 198 254
72 75 363
72 85 160
72 87 227
72 91 99
72 96 179
72 103 97
72 106 377
72 109 218
72 115 384
72 123 337
72 135 266
72 142 363
72 143 28
72 145 227
72 150 185
72 153 334
72 154 276
72 158 234
72 160 215
72 161 309
72 167 345
72 168 339
72 175 89
72 177 59
72 182 40
72 186 38
72 188 129
72 189 391
72 196 64
73 78 134
73 86 32
73 87 45
73 91 28
73 95 352
73 96 332
73 97 33
73 104 355
73 106 143
73 112 264
73 116 340
73 125 290
73 126 386
73 130 77
73 132 272
73 133 35
73 136 54
73 138 376
73 144 169
73 145 113
73 146 40
73 148 170
73 157 356
73 163 303
73 178 210
73 181 115
73 184 140
73 187 117
73 192 308
73 195 396
74 76 311
74 78 383
74 81 153
74 84 302
74 87 399
74 89 79
74 94 266
74 100 187
74 107 166
74 112 256
74 115 148
74 117 300
74 130 65
74 134 184
74 136 329
74 139 269
74 145 45
74 147 391
74 148 340
74 149 293
74 158 98
74 160 169
74 167 352
74 169 191
74 177 117
74 188 140
74 189 42
74 191 88
74 196 265
75 81 282
75 83 270
75 88 340
75 89 282
75 91 226
75 93 370
75 99 137
75 103 19
75 104 398
75 108 332
75 114 99
75 116 200
75 123 220
75 129 65
75 130 268
75 131 115
75 132 228
75 138 175
75 140 65
75 143 217
75 144 148
75 148 15
75 152 107
75 156 252
75 157 31
75 177 304
75 179 88
75 184 389
75 187 110
75 190 20
75 197 346
76 80 6
76 85 305
76 86 129
76 90 53
76 92 201
76 95 189
76 96 155
76 100 24
76 101 86
76 103 191
76 105 209
76 111 190
76 114 108
76 115 108
76 116 167
76 122 357
76 125 300
76 128 227
76 131 394
76 134 301
76 136 294
76 141 60
76 143 392
76 159 107
76 160 198
76 161 284
76 162 235
76 163 370
76 167 101
76 168 321
76 169 272
76 173 53
76 174 170
76 175 206
76 177 310
76 179 145
76 181 361
76 184 158
76 188 380
76 189 266
76 190 286
76 194 178
76 195 120
76 200 399
77 80 340
77 82 245
77 89 198
77 93 232
77 95 61
77 96 58
77 103 20
77 104 87
77 112 29
77 113 17
77 118 196
77 119 35
77 125 354
77 126 189
77 128 144
77 134 178
77 135 332
77 136 360
77 138 194
77 140 375
77 144 73
77 151 261
77 152 323
77 161 207
77 166 370
77 167 179
77 168 54
77 171 156
77 178 373
77 181 234
77 183 194
77 187 138
77 195 206
78 83 241
78 94 378
78 97 384
78 98 330
78 101 52
78 102 387
78 115 180
78 116 79
78 119 27
78 120 290
78 121 249
78 124 99
78 125 330
78 127 50
78 129 283
78 134 27
78 136 36
78 143 212
78 150 349
78 155 148
78 157 3
78 159 112
78 161 128
78 169 70
78 170 111
78 178 41
78 185 238
78 186 242
78 187 140
78 189 357
78 197 73
78 198 257
78 200 367
79 87 109
79 91 95
79 100 21
79 106 268
79 119 115
79 129 363
79 135 125
79 136 254
79 138 20
79 141 114
79 166 21
79 169 360
79 171 265
79 172 117
79 178 56
79 179 189
79 180 58
79 182 180
79 183 117
79 186 88
79 187 336
79 190 359
79 191 216
79 196 214
80 86 146
80 87 273
80 94 392
80 95 113
80 97 238
80 101 387
80 105 396
80 118 319
80 119 290
80 124 104
80 126 373
80 127 282
80 128 339
80 129 249
80 139 320
80 141 381
80 147 266
80 158 121
80 162 316
80 167 395
80 174 228
80 175 240
80 176 120
80 182 123
80 185 32
80 187 252
80 188 111
80 189 61
80 190 303
80 199 121
81 84 109
81 86 333
81 94 217
81 97 41
81 98 379
81 101 229
81 103 384
81 108 221
81 110 113
81 113 279
81 116 295
81 119 204
81 122 28
81 128 215
81 132 379
81 135 248
81 137 53
81 138 360
81 139 33
81 141 304
81 148 259
81 149 282
81 150 354
81 153 360
81 156 346
81 159 248
81 166 300
81 168 294
81 169 59
81 172 97
81 179 239
81 180 59
81 183 289
81 184 235
81 188 267
81 193 28
82 87 4
82 92 44
82 111 49
82 112 5
82 114 72
82 116 144
82 120 117
82 126 391
82 134 157
82 145 319
82 150 254
82 163 264
82 165 343
82 168 273
82 174 296
82 187 376
82 197 250
83 87 278
83 88 225
83 91 149
83 93 344
83 95 2
83 96 363
83 97 226
83 99 368
83 104 24
83 108 136
83 111 143
83 112 42
83 116 329
83 121 129
83 122 185
83 127 81
83 129 185
83 132 140
83 133 354
83 135 39
83 141 98
83 150 1
83 155 339
83 161 136
83 165 27
83 166 129
83 169 262
83 170 280
83 174 274
83 175 189
83 176 247
83 179 68
83 186 258
83 193 231
83 195 20
84 85 274
84 96 64
84 97 253
84 100 146
84 101 45
84 104 112
84 110 71
84 115 301
84 120 389
84 122 19
84 123 88
84 128 314
84 130 143
84 132 51
84 137 222
84 138 179
84 142 302
84 143 289
84 149 296
84 156 178
84 166 256
84 170 200
84 176 343
84 177 337
84 180 177
84 183 139
84 186 44
84 190 19
84 200 129
85 88 6
85 93 270
85 94 191
85 96 99
85 104 52
85 116 379
85 117 344
85 119 104
85 128 277
85 130 54
85 133 53
85 140 384
85 142 148
85 150 132
85 152 342
85 158 301
85 160 152
85 162 79
85 165 216
85 166 130
85 173 373
85 178 374
85 179 4
85 184 332
85 185 247
85 194 172
85 198 373
86 89 184
86 90 306
86 97 331
86 98 174
86 106 205
86 108 254
86 112 400
86 113 295
86 114 53
86 116 227
86 119 248
86 120 29
86 121 259
86 123 326
86 126 399
86 127 241
86 135 345
86 137 170
86 142 156
86 143 269
86 144 352
86 145 74
86 151 343
86 153 232
86 155 354
86 157 328
86 161 172
86 166 16
86 167 72
86 168 60
86 178 48
86 182 130
86 185 230
86 187 11
86 192 42
87 94 333
87 97 339
87 105 396
87 109 82
87 112 85
87 134 307
87 137 287
87 142 195
87 143 52
87 147 74
87 153 328
87 155 134
87 157 219
87 174 255
87 175 338
87 179 39
87 186 341
87 198 305
88 94 320
88 99 94
88 106 260
88 112 316
88 115 84
88 117 127
88 120 233
88 131 376
88 137 43
88 142 87
88 143 383
88 149 352
88 150 292
88 151 76
88 154 377
88 180 58
88 182 182
88 191 71
89 90 233
89 91 124
89 94 141
89 122 220
89 130 301
89 132 12
89 134 195
89 137 343
89 140 261
89 144 163
89 146 373
89 149 243
89 151 42
89 155 53
89 156 229
89 160 251
89 162 335
89 165 355
89 166 336
89 168 142
89 171 357
89 174 89
89 175 137
89 177 83
89 181 27
89 183 249
89 185 227
89 186 330
89 189 15
89 195 83
89 199 60
89 200 266
90 91 119
90 97 324
90 101 83
90 107 97
90 108 290
90 109 220
90 114 173
90 117 205
90 125 141
90 130 256
90 133 328
90 137 218
90 138 397
90 143 224
90 160 197
90 162 392
90 164 140
90 166 387
90 170 69
90 171 239
90 172 339
90 176 311
90 180 2
90 187 292
90 190 235
90 195 340
90 196 114
90 199 329
91 94 208
91 97 297
91 99 8
91 106 138
91 111 23
91 118 349
91 124 7
91 127 36
91 128 268
91 132 380
91 135 279
91 137 128
91 139 392
91 142 47
91 149 352
91 151 83
91 152 37
91 154 118
91 165 63
91 166 318
91 169 109
91 171 183
91 176 281
91 179 265
91 184 45
91 185 203
91 187 205
91 188 183
91 192 267
91 196 44
91 200 201
92 97 347
92 98 269
92 100 197
92 101 326
92 102 198
92 108 145
92 112 313
92 138 167
92 142 107
92 147 360
92 149 44
92 150 365
92 153 336
92 154 55
92 155 118
92 159 195
92 161 7
92 165 176
92 168 145
92 178 87
92 181 367
92 184 121
92 185 345
92 188 110
92 189 308
92 195 216
92 196 89
92 197 240
93 98 340
93 100 306
93 119 36
93 123 52
93 125 22
93 130 150
93 132 189
93 134 317
93 135 157
93 140 32
93 146 146
93 149 167
93 153 316
93 164 117
93 169 95
93 175 174
93 182 175
93 186 181
93 188 2
93 191 202
93 195 40
94 95 320
94 97 375
94 98 166
94 100 223
94 107 131
94 110 26
94 112 55
94 113 390
94 128 62
94 144 352
94 145 221
94 152 163
94 153 281
94 155 96
94 161 21
94 163 176
94 165 294
94 166 292
94 169 16
94 172 393
94 174 98
94 176 68
94 179 25
94 180 79
94 184 8
94 196 208
94 198 231
95 96 142
95 98 255
95 99 71
95 109 111
95 117 177
95 118 393
95 126 25
95 128 267
95 132 204
95 133 221
95 138 36
95 151 113
95 155 96
95 157 292
95 158 175
95 159 77
95 166 198
95 168 131
95 172 44
95 178 339
95 179 79
95 181 342
95 184 386
95 187 43
95 193 144
95 196 175
95 199 242
96 112 307
96 114 152
96 117 79
96 120 51
96 121 113
96 122 368
96 124 371
96 125 107
96 128 4
96 130 146
96 140 272
96 142 234
96 153 20
96 157 126
96 169 293
96 170 133
96 173 229
96 174 80
96 175 317
96 183 111
96 184 61
96 195 282
96 199 289
97 106 213
97 108 34
97 115 286
97 122 174
97 129 305
97 130 183
97 133 66
97 135 309
97 137 122
97 139 183
97 140 296
97 141 88
97 144 79
97 145 155
97 147 384
97 148 76
97 151 189
97 153 209
97 164 54
97 168 202
97 170 125
97 171 57
97 179 68
97 180 165
97 185 194
97 186 119
97 188 211
97 197 165
98 105 83
98 107 135
98 118 294
98 120 343
98 121 283
98 129 396
98 137 363
98 138 31
98 150 111
98 153 348
98 155 215
98 156 361
98 158 273
98 160 324
98 161 185
98 163 238
98 166 176
98 169 83
98 176 141
98 178 343
98 182 202
98 189 378
98 190 151
98 191 259
98 198 84
99 104 25
99 111 304
99 115 155
99 119 371
99 126 282
99 134 16
99 135 389
99 137 353
99 138 358
99 140 40
99 142 133
99 152 282
99 158 321
99 169 313
99 178 218
99 182 118
99 188 277
99 190 12
99 196 100
99 199 166
99 200 293
100 103 336
100 115 306
100 117 316
100 118 155
100 119 387
100 123 184
100 124 92
100 135 1
100 141 239
100 142 113
100 144 278
100 150 86
100 151 230
100 154 278
100 163 21
100 168 24
100 175 254
100 176 143
100 186 86
100 200 195
101 110 333
101 113 306
101 116 182
101 117 97
101 121 23
101 124 387
101 129 30
101 131 171
101 132 153
101 135 216
101 136 159
101 138 134
101 139 265
101 142 175
101 143 214
101 148 354
101 149 385
101 150 266
101 167 195
101 170 122
101 171 380
101 174 223
101 177 179
101 180 244
101 185 84
101 186 38
101 190 320
101 195 361
101 196 201
101 199 348
102 114 118
102 116 78
102 122 370
102 125 259
102 130 377
102 134 203
102 137 17
102 138 234
102 142 223
102 144 220
102 145 293
102 146 188
102 148 197
102 149 335
102 150 45
102 152 293
102 153 195
102 155 166
102 156 356
102 166 365
102 169 238
102 175 338
102 179 133
102 191 87
102 192 323
102 197 349
103 107 399
103 114 179
103 115 78
103 118 207
103 123 196
103 127 121
103 133 68
103 136 57
103 145 18
103 149 72
103 150 311
103 152 141
103 156 155
103 157 3
103 164 220
103 167 196
103 168 120
103 176 125
103 188 28
103 192 8
103 196 174
103 198 239
104 108 86
104 112 22
104 117 277
104 119 39
104 120 325
104 124 356
104 125 385
104 128 111
104 134 376
104 136 183
104 141 188
104 142 247
104 145 252
104 146 206
104 152 311
104 159 167
104 161 226
104 164 336
104 165 116
104 172 186
104 181 232
104 182 181
104 186 360
104 188 350
104 194 177
104 195 19
104 199 238
105 109 273
105 110 150
105 115 127
105 117 317
105 120 89
105 126 293
105 130 326
105 138 288
105 151 200
105 154 115
105 158 173
105 164 364
105 166 268
105 174 55
105 175 43
105 189 343
105 190 336
105 194 29
105 195 237
105 196 188
105 197 226
106 111 154
106 115 196
106 116 352
106 123 185
106 133 139
106 134 163
106 139 164
106 143 162
106 145 168
106 149 130
106 152 347
106 157 239
106 162 49
106 169 1
106 172 356
106 175 225
106 181 141
106 186 97
106 199 128
107 113 2
107 115 230
107 117 26
107 118 370
107 119 393
107 127 232
107 131 223
107 142 87
107 144 309
107 145 380
107 148 249
107 153 280
107 160 216
107 161 290
107 162 288
107 170 272
107 174 17
107 175 145
107 177 128
107 180 343
107 187 22
107 195 157
107 199 221
108 111 104
108 116 140
108 117 386
108 118 319
108 120 52
108 121 24
108 128 326
108 132 138
108 133 318
108 136 301
108 137 243
108 144 168
108 148 380
108 149 243
108 156 53
108 161 49
108 164 274
108 165 86
108 166 36
108 167 109
108 172 365
108 178 333
108 179 137
108 186 400
108 188 14
108 189 372
108 193 116
108 200 346
109 111 248
109 113 76
109 115 173
109 119 243
109 122 168
109 125 51
109 132 167
109 134 155
109 137 134
109 141 3
109 145 321
109 147 180
109 150 230
109 155 242
109 156 344
109 158 150
109 161 72
109 163 120
109 168 382
109 169 104
109 171 207
109 184 212
109 188 247
109 190 222
109 193 337
109 194 97
109 196 370
110 112 389
110 113 182
110 119 166
110 120 13
110 124 365
110 128 334
110 134 34
110 135 381
110 139 369
110 141 35
110 142 75
110 150 308
110 156 70
110 162 280
110 163 365
110 171 306
110 174 278
110 176 33
110 181 224
110 183 294
110 189 325
110 190 90
110 193 168
110 194 85
110 199 15
111 115 384
111 120 318
111 124 72
111 136 366
111 137 375
111 141 400
111 142 55
111 143 229
111 145 317
111 147 72
111 150 234
111 151 298
111 156 230
111 170 194
111 172 233
111 190 217
111 191 139
112 115 289
112 118 399
112 119 280
112 120 339
112 121 27
112 123 248
112 128 170
112 129 216
112 130 91
112 136 304
112 137 7
112 139 209
112 149 241
112 151 305
112 160 77
112 165 163
112 175 346
112 177 330
112 178 225
112 179 375
112 182 351
112 184 381
112 186 354
112 189 280
112 197 328
112 199 221
112 200 109
113 115 296
113 117 76
113 127 141
113 130 244
113 132 199
113 133 175
113 138 47
113 140 154
113 151 362
113 168 84
113 174 183
113 180 374
113 188 321
113 190 295
113 194 245
113 197 53
114 116 54
114 118 105
114 123 119
114 126 257
114 128 311
114 130 224
114 133 324
114 136 301
114 138 112
114 140 46
114 141 272
114 142 364
114 160 392
114 162 352
114 163 90
114 171 205
114 173 35
114 178 299
114 182 317
114 183 201
114 184 322
114 186 122
114 187 45
114 190 70
114 194 72
114 195 267
115 119 222
115 125 66
115 142 70
115 143 147
115 145 93
115 146 204
115 147 53
115 151 358
115 156 69
115 158 388
115 161 16
115 165 206
115 168 21
115 176 298
115 178 355
115 184 312
115 185 104
115 188 275
115 193 171
115 196 79
116 119 154
116 132 219
116 133 255
116 137 81
116 141 179
116 142 249
116 144 326
116 145 278
116 148 202
116 152 194
116 154 313
116 164 385
116 171 387
116 183 309
116 187 110
116 191 10
116 193 274
116 194 175
116 195 211
117 118 253
117 119 293
117 129 95
117 132 34
117 136 316
117 151 143
117 158 76
117 160 66
117 166 59
117 175 35
117 177 178
117 184 266
117 192 340
117 193 323
117 196 288
117 197 235
117 199 113
118 119 257
118 121 78
118 123 333
118 125 303
118 126 155
118 132 161
118 139 180
118 146 320
118 149 273
118 151 396
118 157 138
118 159 290
118 163 87
118 164 242
118 171 287
118 174 167
118 175 317
118 176 266
118 182 267
118 184 70
118 185 143
119 122 307
119 131 380
119 134 5
119 136 357
119 137 72
119 145 309
119 147 398
119 148 238
119 151 373
119 157 387
119 158 372
119 167 321
119 175 9
119 190 289
119 192 350
119 193 228
119 194 18
119 196 242
120 124 372
120 127 223
120 131 104
120 135 323
120 136 68
120 138 249
120 139 230
120 141 44
120 142 16
120 146 108
120 153 250
120 155 131
120 157 317
120 159 268
120 160 225
120 161 121
120 163 22
120 165 18
120 166 81
120 174 339
120 178 76
120 183 49
120 185 249
120 195 397
120 199 12
120 200 280
121 122 64
121 130 99
121 131 233
121 133 141
121 143 71
121 147 107
121 148 262
121 152 196
121 157 137
121 159 366
121 161 42
121 162 298
121 170 69
121 171 181
121 172 236
121 174 178
121 180 189
121 181 263
121 182 364
121 184 115
121 189 201
121 197 321
121 199 259
122 128 399
122 132 120
122 137 305
122 139 370
122 141 398
122 145 40
122 149 144
122 150 56
122 155 124
122 162 75
122 168 185
122 169 206
122 179 285
122 182 141
122 184 367
122 189 222
122 192 40
122 195 199
122 196 84
122 198 359
122 199 268
123 124 394
123 125 65
123 126 85
123 129 242
123 130 121
123 139 393
123 140 180
123 145 293
123 146 134
123 148 172
123 153 399
123 155 178
123 156 266
123 157 82
123 168 380
123 172 162
123 178 181
123 181 394
123 183 26
123 186 167
123 190 216
123 193 397
123 195 80
123 197 261
123 199 84
124 125 215
124 131 303
124 135 202
124 149 247
124 152 140
124 155 4
124 157 292
124 159 125
124 162 399
124 163 119
124 166 345
124 170 197
124 172 399
124 178 284
124 179 230
124 181 229
124 184 51
124 186 106
124 195 98
124 197 302
125 126 101
125 131 373
125 133 122
125 135 109
125 137 170
125 138 14
125 144 180
125 146 179
125 148 90
125 150 301
125 153 327
125 156 176
125 165 352
125 173 155
125 174 258
125 175 341
125 178 34
125 181 366
125 184 224
125 188 156
125 190 399
125 196 134
125 197 54
125 200 34
126 132 44
126 134 79
126 136 42
126 139 6
126 140 258
126 141 269
126 148 277
126 149 230
126 151 319
126 160 283
126 164 266
126 168 297
126 169 268
126 174 180
126 177 230
126 181 320
126 185 265
126 196 141
126 197 157
126 200 207
127 128 23
127 130 271
127 134 87
127 152 276
127 153 300
127 154 63
127 156 62
127 160 278
127 162 295
127 164 308
127 168 133
127 170 166
127 179 157
127 186 393
127 195 8
127 196 291
127 197 108
128 129 254
128 131 228
128 133 240
128 134 292
128 135 397
128 137 333
128 138 306
128 141 128
128 142 130
128 145 378
128 146 240
128 152 353
128 153 73
128 154 319
128 156 239
128 157 186
128 161 27
128 163 219
128 173 233
128 175 251
128 182 114
128 184 238
128 189 295
128 191 34
128 194 116
128 197 25
129 130 178
129 133 216
129 138 58
129 143 245
129 144 321
129 148 46
129 149 45
129 161 182
129 163 363
129 164 165
129 165 177
129 169 399
129 170 217
129 171 290
129 175 135
129 181 159
129 183 357
129 187 42
129 191 283
129 193 77
130 132 253
130 133 246
130 134 160
130 143 262
130 144 57
130 147 352
130 148 237
130 153 20
130 166 81
130 174 384
130 176 43
130 178 192
130 183 2
130 187 374
130 191 15
131 137 92
131 141 229
131 143 306
131 146 51
131 154 91
131 155 171
131 158 279
131 159 324
131 162 116
131 163 109
131 169 74
131 172 111
131 173 235
131 175 305
131 179 192
131 183 281
131 184 379
131 186 125
131 195 358
131 196 303
132 134 3
132 141 247
132 144 194
132 145 40
132 147 151
132 148 178
132 153 348
132 154 398
132 158 191
132 160 244
132 161 361
132 165 243
132 168 157
132 170 8
132 179 346
132 180 67
132 181 365
132 183 118
132 185 337
132 186 5
132 188 346
132 196 238
132 197 122
133 134 91
133 135 395
133 144 5
133 147 247
133 154 37
133 155 34
133 157 206
133 163 169
133 166 354
133 167 376
133 170 346
133 174 300
133 188 136
133 190 40
133 191 133
133 192 362
133 194 68
134 135 252
134 139 187
134 140 44
134 145 43
134 148 223
134 149 175
134 151 57
134 153 268
134 154 58
134 157 280
134 162 29
134 167 109
134 170 181
134 182 196
134 188 134
134 190 103
135 136 21
135 148 290
135 155 256
135 158 275
135 162 121
135 164 18
135 165 389
135 168 142
135 173 257
135 174 195
135 180 116
135 181 260
135 183 369
135 190 26
136 137 351
136 140 192
136 143 67
136 146 152
136 149 43
136 155 156
136 159 73
136 162 282
136 164 167
136 166 45
136 169 107
136 171 251
136 173 27
136 179 102
136 186 128
136 189 175
136 191 242
136 194 44
136 196 293
136 197 346
137 141 202
137 145 215
137 152 223
137 154 328
137 157 249
137 162 391
137 165 356
137 169 233
137 170 123
137 181 340
137 182 118
137 190 140
137 192 66
137 193 335
137 194 233
137 200 19
138 141 386
138 144 370
138 149 197
138 152 85
138 156 47
138 157 351
138 160 232
138 162 243
138 166 124
138 173 104
138 176 376
138 183 237
138 185 355
138 188 378
138 191 108
138 192 319
138 193 283
138 195 165
138 197 196
138 200 161
139 146 268
139 148 399
139 150 201
139 151 153
139 158 373
139 167 308
139 171 75
139 176 178
139 184 233
139 187 286
139 189 118
139 192 242
140 143 78
140 144 397
140 150 375
140 152 235
140 158 337
140 159 395
140 161 379
140 164 135
140 168 8
140 170 40
140 174 326
140 179 86
140 181 334
140 188 292
140 196 101
140 197 246
141 146 102
141 148 329
141 155 161
141 164 334
141 177 320
141 180 107
141 181 59
141 182 267
141 183 182
141 186 254
141 189 230
141 190 255
141 194 134
142 145 62
142 148 40
142 151 388
142 154 223
142 162 86
142 166 371
142 170 373
142 174 390
142 176 56
142 182 19
142 184 111
142 186 240
142 191 389
142 192 328
142 194 237
142 195 119
142 196 130
143 144 353
143 148 69
143 149 312
143 159 256
143 169 193
143 175 367
143 180 233
143 181 25
143 186 16
143 188 347
143 189 189
143 197 189
143 198 1
144 146 397
144 153 301
144 156 88
144 160 289
144 163 33
144 166 6
144 172 377
144 173 328
144 174 157
144 178 33
144 181 16
144 183 22
144 184 23
144 188 128
144 190 238
144 193 369
144 195 46
145 155 121
145 157 233
145 170 196
145 186 370
145 195 29
145 196 91
146 157 270
146 158 386
146 164 141
146 171 334
146 178 216
146 184 367
146 193 36
146 198 395
147 149 168
147 153 166
147 156 159
147 157 66
147 159 390
147 167 196
147 172 66
147 176 67
147 177 164
147 178 97
147 185 382
147 192 23
147 194 141
147 200 47
148 152 66
148 154 208
148 156 100
148 166 377
148 169 164
148 170 213
148 177 155
148 179 209
148 180 81
148 182 176
148 183 40
148 184 193
148 193 398
148 195 188
148 197 157
148 200 203
149 153 251
149 157 257
149 164 110
149 165 203
149 169 178
149 173 362
149 180 303
149 181 394
149 183 27
149 185 13
149 189 393
149 190 375
149 191 282
150 152 161
150 160 352
150 161 336
150 163 399
150 166 161
150 168 250
150 170 346
150 172 167
150 173 108
150 181 298
150 189 391
150 193 347
150 196 312
151 162 91
151 166 294
151 168 226
151 170 91
151 172 299
151 177 383
151 181 165
151 182 390
151 185 248
151 190 250
151 195 180
151 198 27
151 199 220
152 156 34
152 158 329
152 160 21
152 162 202
152 166 372
152 168 123
152 172 382
152 174 68
152 178 186
152 181 344
152 183 126
152 187 357
152 188 312
152 192 147
152 199 92
153 160 321
153 165 45
153 166 144
153 172 154
153 176 321
153 179 384
153 187 257
153 190 300
153 192 107
153 193 136
153 197 378
153 198 120
154 160 161
154 162 70
154 166 135
154 172 390
154 173 396
154 175 83
154 176 334
154 189 62
155 157 386
155 161 17
155 162 323
155 163 3
155 166 58
155 167 392
155 169 346
155 172 169
155 173 371
155 175 280
155 176 183
155 178 86
155 182 92
155 184 249
155 190 265
155 193 364
155 195 392
156 157 299
156 160 357
156 164 102
156 166 353
156 168 242
156 174 90
156 177 346
156 178 229
156 179 285
156 185 276
156 187 156
156 189 178
156 190 382
156 191 109
156 194 116
156 199 130
157 164 388
157 166 179
157 171 83
157 177 26
157 182 358
157 184 358
157 194 111
157 195 40
157 198 111
158 168 56
158 171 87
158 177 32
158 182 58
158 183 196
158 186 101
158 190 32
158 197 217
158 198 322
158 199 78
159 170 246
159 171 327
159 174 290
159 179 238
159 185 224
159 190 370
159 198 290
160 161 311
160 164 8
160 168 216
160 172 126
160 174 133
160 175 104
160 176 339
160 177 118
160 182 281
160 187 287
160 190 38
160 191 272
160 196 307
160 197 164
160 200 262
161 162 109
161 168 294
161 170 345
161 176 110
161 178 283
161 181 324
161 183 294
161 189 358
161 191 189
162 165 281
162 171 292
162 183 53
162 186 62
162 188 143
162 190 102
162 195 358
162 199 285
163 166 373
163 171 399
163 180 201
163 190 56
163 192 261
163 194 227
163 196 8
163 199 137
164 166 119
164 174 133
164 178 225
164 180 31
164 181 384
164 185 202
164 186 148
164 189 146
164 191 120
164 192 215
164 193 304
165 180 355
165 182 166
165 184 12
165 187 307
165 189 356
165 193 386
166 174 24
166 175 285
166 180 150
166 181 209
166 187 328
166 192 343
166 199 337
167 179 309
167 183 389
167 187 294
167 196 259
167 197 318
167 199 206
168 171 119
168 180 144
168 182 108
168 183 269
168 184 3
168 195 130
168 196 251
168 199 311
168 200 73
169 171 36
169 182 262
169 184 1
169 187 57
169 189 249
169 190 369
169 193 340
169 196 102
170 176 125
170 181 312
170 184 351
170 186 88
170 191 348
170 199 40
171 174 11
171 181 216
171 189 8
171 190 365
171 191 223
171 192 305
171 198 99
172 178 30
172 180 43
172 181 13
172 187 361
173 180 262
173 189 380
173 190 60
174 178 21
174 179 325
174 181 178
174 190 150
174 194 303
174 196 280
174 197 41
175 194 354
175 200 23
176 177 368
176 188 360
176 191 105
176 195 313
176 196 317
176 198 207
176 199 224
176 200 185
177 178 358
177 180 211
177 187 261
177 193 255
177 194 76
177 196 383
177 197 367
178 180 198
178 184 144
178 185 158
178 191 245
178 198 262
178 199 85
178 200 72
179 182 249
179 183 375
179 191 113
179 195 170
179 198 161
180 184 304
180 188 51
180 189 250
180 190 314
180 192 294
180 196 383
181 183 252
181 185 364
181 188 397
181 193 76
181 196 66
181 197 179
181 198 144
182 183 69
182 188 35
182 197 322
182 200 355
183 192 155
184 185 186
184 190 203
184 193 271
184 197 340
184 200 171
185 186 85
185 189 289
185 191 252
185 194 310
185 195 195
185 196 326
186 187 390
186 194 274
187 189 5
187 191 373
187 196 58
188 189 191
188 196 212
189 196 70
189 197 43
190 191 225
190 198 229
190 199 317
191 200 147
192 195 110
192 197 394
193 196 162
193 199 282
194 195 8
195 198 124
196 200 141
197 199 370
197 200 61
199 200 356